0 A 1 125 0.001 7 2 2 3 
1 A 1 125 0.001 2 4 7 
2 A 1 125 0.001 7 3 1 2 
3 A 1 125 0.001 6 4 4 7 2 2 
4 A 1 125 0.001 3 2 2 6 
5 A 1 125 0.001 7 5 5 7 2 
6 A 1 125 0.001 2 6 7 5 3 
7 A 1 125 0.001 7 7 4 6 3 
8 A 1 125 0.001 1 5 1 1 7 1 
9 A 1 125 0.001 7 6 3 5 7 2 
10 A 1 125 0.001 5 3 7 3 
11 A 1 125 0.001 7 7 2 3 6 
12 A 1 125 0.001 4 3 5 5 4 
13 A 1 125 0.001 1 3 3 3 5 1 
14 A 1 125 0.001 1 7 6 2 3 5 
15 A 1 125 0.001 4 5 4 
16 A 1 125 0.001 4 3 3 7 2 
17 A 1 125 0.001 1 3 1 5 4 
18 A 1 125 0.001 6 1 6 7 
19 A 1 125 0.001 3 3 3 2 3 
20 A 1 125 0.001 2 4 6 7 3 1 
21 A 1 125 0.001 3 3 
22 A 1 125 0.001 6 2 7 2 
23 A 1 125 0.001 2 5 3 
24 A 1 125 0.001 7 3 3 3 
25 A 1 125 0.001 7 2 1 2 3 
26 A 1 125 0.001 7 2 5 2 
27 A 1 125 0.001 7 1 5 3 5 3 
28 A 1 125 0.001 7 1 7 3 1 
29 A 1 125 0.001 7 2 7 2 2 2 
30 A 1 125 0.001 7 4 1 7 5 
31 A 1 125 0.001 4 2 6 6 4 
32 A 1 125 0.001 2 2 6 2 7 7 
33 A 1 125 0.001 3 3 5 6 
34 A 1 125 0.001 4 4 3 2 4 
35 A 1 125 0.001 3 1 7 6 2 
36 A 1 125 0.001 2 2 3 2 7 2 
37 A 1 125 0.001 5 4 5 1 2 3 
38 A 1 125 0.001 4 6 7 2 7 7 
39 A 1 125 0.001 2 6 7 7 4 3 
40 A 2 238 0.001 7 7 3 2 3 6 
41 A 2 238 0.001 7 2 7 3 7 
42 A 2 238 0.001 7 3 4 3 7 
43 A 2 238 0.001 7 3 1 
44 A 2 238 0.001 7 5 7 6 2 
45 A 2 238 0.001 2 6 4 4 
46 A 2 238 0.001 7 6 1 
47 A 2 238 0.001 2 5 1 2 
48 A 2 238 0.001 1 7 5 5 2 7 
49 A 2 238 0.001 6 3 3 4 
50 A 2 238 0.001 2 7 1 6 6 
51 A 2 238 0.001 3 3 2 3 2 
52 A 2 238 0.001 2 1 1 
53 A 2 238 0.001 7 2 7 4 7 
54 A 2 238 0.001 7 5 3 2 7 
55 A 2 238 0.001 2 3 4 2 6 4 
56 A 2 238 0.001 2 2 7 5 2 7 
57 A 2 238 0.001 3 1 
58 A 2 238 0.001 3 3 5 2 2 
59 A 2 238 0.001 5 6 1 
60 A 2 238 0.001 3 7 1 7 3 2 
61 A 2 238 0.001 2 5 5 4 1 
62 A 2 238 0.001 5 7 
63 A 2 238 0.001 2 5 3 1 4 
64 A 2 238 0.001 3 4 7 6 1 
65 A 2 238 0.001 7 6 7 3 6 3 
66 A 2 238 0.001 6 1 2 7 3 
67 A 2 238 0.001 3 7 3 7 4 3 
68 A 2 238 0.001 7 2 6 2 7 
69 A 2 238 0.001 6 2 2 6 4 
70 A 2 238 0.001 3 1 6 4 3 
71 A 2 238 0.001 3 2 
72 A 2 238 0.001 2 2 3 5 7 1 
73 A 2 238 0.001 7 6 6 3 1 
74 A 2 238 0.001 5 7 2 7 3 
75 A 2 238 0.001 5 1 4 2 4 7 
76 A 2 238 0.001 6 1 4 2 
77 A 2 238 0.001 4 5 3 4 5 3 
78 A 2 238 0.001 3 5 3 
79 A 2 238 0.001 1 3 5 7 2 
80 A 2 238 0.001 4 3 3 5 7 
81 A 2 238 0.001 2 2 2 3 
82 A 3 238 0.001 4 1 3 7 3 3 
83 A 3 238 0.001 7 7 5 
84 A 3 238 0.001 2 5 3 7 4 2 
85 A 3 238 0.001 7 3 2 7 4 2 
86 A 3 238 0.001 3 7 7 3 5 
87 A 3 238 0.001 5 4 2 2 2 
88 A 3 238 0.001 2 7 7 3 1 2 
89 A 3 238 0.001 3 5 7 3 5 
90 A 3 238 0.001 3 2 5 7 4 3 
91 A 3 238 0.001 2 3 3 3 4 
92 A 3 238 0.001 1 3 3 4 7 
93 A 3 238 0.001 5 7 5 7 2 
94 A 3 238 0.001 4 6 6 3 
95 A 3 238 0.001 7 3 3 4 2 7 
96 A 3 238 0.001 3 6 7 7 1 
97 A 3 238 0.001 4 7 5 1 1 
98 A 3 238 0.001 6 3 5 1 
99 A 3 238 0.001 3 7 1 6 2 
100 A 3 238 0.001 2 4 2 6 4 3 
101 A 3 238 0.001 3 6 
102 A 3 238 0.001 2 6 3 2 1 
103 A 3 238 0.001 3 2 3 5 
104 A 3 238 0.001 4 6 2 
105 A 3 238 0.001 4 3 2 7 
106 A 3 238 0.001 6 7 7 1 1 
107 A 3 238 0.001 4 2 7 4 1 
108 A 3 238 0.001 1 7 4 2 3 
109 A 3 238 0.001 6 7 3 
110 A 3 238 0.001 5 6 3 
111 A 3 238 0.001 5 2 1 1 2 
112 A 3 238 0.001 7 7 7 6 7 5 
113 A 3 238 0.001 3 4 1 
114 A 3 238 0.001 2 1 2 4 2 
115 A 3 238 0.001 2 2 7 5 3 7 
116 A 3 238 0.001 3 3 7 2 
117 A 3 238 0.001 2 1 3 2 1 
118 A 3 238 0.001 5 6 4 3 
119 A 3 238 0.001 6 6 5 2 2 
120 A 3 238 0.001 2 7 7 7 
121 A 3 238 0.001 7 6 7 
122 A 3 238 0.001 3 2 7 2 2 5 
123 A 3 238 0.001 6 6 2 3 5 